0 0
1 2
2 3
3 1
4 30
5 20
6 33
7 32
8 22
9 23
10 21
11 31
12 10
13 11
14 12
15 13
16 5
17 6
18 8
19 9
20 7
21 36
22 35
23 25
24 26
25 39
26 38
27 28
28 29
29 27
30 37
31 15
32 16
33 17
34 18
35 19
36 4
37 14
38 24
39 34
40 60
41 50
42 63
43 62
44 52
45 53
46 51
47 61
48 90
49 80
50 93
51 92
52 82
53 83
54 81
55 91
56 70
57 71
58 72
59 73
60 66
61 65
62 55
63 56
64 69
65 68
66 58
67 59
68 57
69 67
70 96
71 95
72 85
73 86
74 99
75 98
76 88
77 89
78 87
79 97
80 75
81 76
82 77
83 78
84 79
85 54
86 64
87 74
88 84
89 94
90 40
91 41
92 42
93 43
94 44
95 45
96 46
97 47
98 48
99 49
